1,54.7298942986,25.2626590911
2,54.7298939239,25.2626891422
3,54.7298931746,25.2627492443
4,54.7298927999,25.2627792953
5,54.7298920505,25.2628393974
6,54.7298913011,25.2628994995
7,54.7298909264,25.2629295505
8,54.7298905517,25.2629596016
9,54.7298901769,25.2629896526
10,54.7298898022,25.2630197037
11,54.7298890527,25.2630798058
12,54.7298886779,25.2631098568
13,54.7298883031,25.2631399078
14,54.7298875536,25.2632000099
15,54.7298871788,25.2632300609
16,54.729886804,25.263260112
17,54.7298860544,25.2633202141
18,54.7298849299,25.2634103672
19,54.7298739319,25.2634287082
20,54.7298629338,25.2634470492
21,54.7298409378,25.2634837312
22,54.7298299398,25.2635020722
23,54.7298376791,25.2635168861
24,54.7298272242,25.2635342866
25,54.7298167693,25.263551687
26,54.7298063143,25.2635690874
27,54.7298197564,25.2634830258
28,54.7298091657,25.2635001911
29,54.729798575,25.2635173564
30,54.7297879843,25.2635345217
31,54.7298475992,25.2634726222
32,54.7298585812,25.2634936867
33,54.7298695633,25.2635147512
34,54.7298805453,25.2635358158
35,54.7298915273,25.2635568804
36,54.7299025093,25.2635779449
37,54.7299134913,25.2635990095
38,54.7299244733,25.2636200741
39,54.7299354553,25.2636411387
40,54.7299464373,25.2636622033
41,54.7298413054,25.2634525759
42,54.7298350116,25.2634325297
43,54.7298287178,25.2634124834
44,54.7298290012,25.2633826103
45,54.7298292846,25.2633527371
46,54.7298295681,25.263322864
47,54.7298301349,25.2632631177
48,54.7298304183,25.2632332445
49,54.7298307017,25.2632033714
50,54.7298309851,25.2631734982
51,54.7298312685,25.2631436251
52,54.7298315519,25.2631137519
53,54.7298318352,25.2630838788
54,54.7298321186,25.2630540056
55,54.729832402,25.2630241325
56,54.7298329686,25.2629643862
57,54.729833252,25.262934513
58,54.7298335353,25.2629046399
59,54.7298338186,25.2628747667
60,54.7298341019,25.2628448936
61,54.7298343852,25.2628150204
62,54.7298346685,25.2627851473
63,54.7298349518,25.2627552741
64,54.7298352351,25.2627254009
66,54.7298568238,25.2634114253
67,54.7298427708,25.2634119544
69,54.7298298223,25.2632960389
70,54.7298439532,25.2632962371
71,54.7298863457,25.2632968317
72,54.7298535704,25.263296372
73,54.7298532971,25.2633181456
74,54.7298530238,25.2633399193
75,54.7298527505,25.2633616929
76,54.7298855192,25.2633631106
77,54.7298706806,25.263296612
78,54.7298704769,25.2633251926
79,54.7298702732,25.2633537731
80,54.7298700694,25.2633823537
81,54.7298698656,25.2634109343
82,54.729832739,25.2629885456
83,54.7298614604,25.262988879
84,54.7298901818,25.2629892125
85,54.7298893186,25.2630584336
86,54.729904001,25.2630588423
87,54.7299186834,25.263059251
88,54.7299333658,25.2630596597
89,54.7299480482,25.2630600684
90,54.7299627306,25.2630604771
91,54.7299636132,25.2630307318
92,54.7299644958,25.2630009864
93,54.7299653784,25.2629712411
94,54.7299662609,25.2629414957
95,54.7299671435,25.2629117503
96,54.7299680261,25.262882005
97,54.7299689086,25.2628522596
98,54.7299697912,25.2628225143
99,54.7299706737,25.2627927689
100,54.7299715562,25.2627630235
101,54.7299724388,25.2627332782
102,54.7299733213,25.2627035328
103,54.7299875779,25.2627430365
104,54.7298494937,25.2629887401
105,54.7298492219,25.2630175089
106,54.72984895,25.2630462776
107,54.7298486781,25.2630750464
108,54.7298484062,25.2631038152
109,54.7298481344,25.2631325839
110,54.7298478625,25.2631613527
111,54.7298880439,25.2631606571
112,54.7298674166,25.2631610142
113,54.7298678926,25.263132342
114,54.7298683685,25.2631036699
115,54.7298688445,25.2630749978
116,54.7298693204,25.2630463256
117,54.7298697964,25.2630176535
118,54.7298702723,25.2629889813
119,54.7298936825,25.2627084934
120,54.7298791228,25.2627077767
121,54.7298645632,25.2627070599
122,54.7298924588,25.2628066234
123,54.7298790869,25.2628054148
124,54.729865715,25.2628042062
125,54.7298523432,25.2628029975
126,54.7298920545,25.2628390425
127,54.7298786816,25.2628383143
128,54.7298653087,25.2628375861
129,54.7298519358,25.2628368579
130,54.7298916325,25.2628728871
131,54.7298778571,25.2628716938
132,54.7298640818,25.2628705006
133,54.7298503065,25.2628693073
135,54.729815683,25.2634324117
136,54.7298026483,25.2634523399
137,54.7297896136,25.2634722681
138,54.7297765789,25.2634921963
139,54.7297961657,25.2634452362
140,54.729783521,25.2634475535
141,54.7297708762,25.2634498709